812793
969978
873995
723137
960862
379489
520081
580537
775748
939331
19250
712175
703532
534532
980033
164207
615913
383821
64743
651127
948887
689331
463421
966326
83498
486044
536032
722097
128869
729477
631524
873787
670976
535836
923252
23320
893495
553302
317916
15936
667112
293737
585870
161737
926040
805968
902775
944876
388633
149302
421962
227641
250347
837779
936058
564436
762139
367316
351944
507992
591006
177253
826133
140190
305825
949850
850082
221612
203635
767700
945950
534371
869116
507023
986737
841992
757040
836978
297386
983512
581346
423365
945829
266669
516531
233354
905477
252371
521010
282021
156974
718093
570528
526654
370442
170318
561525
320122
371065
585775
475748
5753
867119
324854
764985
252796
921191
493746
940080
605804
231126
750920
943028
760506
438172
152075
689630
86702
619193
976031
756844
872138
27696
409521
678744
844917
756216
691256
788258
359367
823642
396762
590088
369207
280708
571695
847311
896134
681176
121220
859980
355760
74294
875102
875679
532374
427280
366980
154301
640717
875131
971027
374576
62931
358187
193203
471902
839860
457231
967862
971734
340819
599244
240081
96622
983860
959731
809498
963264
592691
19566
684217
702641
279501
841211
225323
109375
944115
62505
954928
313861
635045
436476
402561
684567
132596
563526
849070
368158
31777
505972
594186
762241
169942
532750
298756
506772
710405
589663
103897
872369
824906
438973
477614
346907
693091
15680
323473
137364
931474
887662
662254
368478
384527
771594
841912
460324
252388
723885
823069
852877
313679
412082
771378
169959
934457
967414
367853
595417
947843
285656
170075
755290
382396
384497
406919
706126
465256
431867
705117
815179
71881
18036
782442
748284
752670
689545
32279
89391
81014
676458
351728
695622
239194
195301
154016
376773
154071
399291
501991
668601
538952
277276
611281
822792
201709
183729
316435
515784
979212
872819
301514
880836
701983
433291
807992
722080
796135
304395
257644
341623
923588
181842
343477
897595
239250
9441
103175
882218
599544
483950
696177
742639
472995
688130
856014
327144
558666
399186
556480
888088
825538
580690
36887
708058
678555
480801
557698
524126
949228
801106
584676
251113
669223
246652
214476
382485
981521
356231
176437
743916
817170
126004
545895
401937
916938
134674
16995
199674
732018
466571
820186
564647
386754
337662
923903
230235
903081
532617
800192
645842
245451
379182
675009
153428
976421
658107
759014
121585
233166
413553
592395
354991
61860
991609
765647
708264
726259
275644
86655
413844
705877
669402
468330
891124
371546
694729
863758
950404
426171
47716
751663
772858
782545
938109
773781
722341
872970
244923
704064
846286
392295
905722
629909
600497
732189
233694
24672
866795
71396
841532
996890
781156
721756
25508
474583
376409
600328
999865
266121
30048
235643
881068
977061
260131
537105
130169
398873
598760
500380
445038
237868
92053
410985
702122
771876
45271
22409
306053
855062
52584
821857
988578
353260
464642
270511
805427
763332
85748
739643
505503
769995
183076
759534
992999
228416
259403
62549
159563
117344
973613
219525
392883
491470
767201
170674
813897
626059
187703
293150
854179
436908
750298
381390
140450
349605
401934
121423
835554
527779
882276
489624
367702
736806
737014
271686
456235
272511
507577
453285
608996
400021
940999
233615
887374
899105
602166
600268
395125
831655
817343
911463
80141
380227
426569
420571
156149
935384
867054
143691
185967
500893
301473
782182
352656
363195
855790
645356
54185
239120
517539
352105
797830
484900
157846
540765
212984
44079
13907
403327
879245
138659
151536
101498
488133
576713
661045
35869
324260
20230
181933
626819
447549
57159
800271
518670
80302
371942
274878
567438
691002
68291
345134
578230
967220
381840
975544
46384
311061
856965
390195
962078
63963
930866
877737
533453
71288
578873
776035
687223
444247
29218
309184
364468
813030
616392
672008
86032
840043
180427
157490
404078
625776
737136
742591
155198
936866
204808
266995
454214
591990
296921
662866
721308
218245
166621
749365
665449
822110
30815
915097
631115
90249
915118
465817
866748
706
330040
718555
146825
347612
728864
11495
738350
449144
833218
972457
960490
586228
817245
965632
249117
874379
204056
566342
71025
543641
565928
670991
543691
72906
101718
808235
774100
807497
130281
928290
825698
304097
364965
797510
691259
667006
62660
192273
461681
405973
861566
528105
344580
926653
474005
773523
237249
294417
281502
514453
455388
392104
249838
30124
186132
779023
408144
85861
899337
135052
974918
591581
830445
779327
825674
530694
146273
699592
948448
543860
966504
408980
47378
412321
774208
665633
709254
211825
676496
743213
281293
823002
35005
9428
79345
782150
318519
613743
208338
693705
674293
434868
866419
157877
692800
13022
698045
456194
141991
806526
517518
168182
106767
580448
246407
665309
950218
337473
335333
369978
351576
903912
41733
413760
575461
567389
142933
473143
42897
238236
552082
121746
902787
547780
522737
486904
811707
268768
614883
582943
121989
83440
418538
463918
698082
708796
66884
491747
144916
645932
636099
257772
652146
428282
585599
572906
748131
654375
610885
954010
703625
61827
600559
389837
216066
943363
204501
37800
252543
3953
358605
535590
981637
78038
858661
51411
576156
892592
197970
894169
168509
122438
519811
940994
161996
654739
72754
968155
69463
656546
484662
120425
223128
779288
850425
987883
341424
68373
429624
560023
947260
971060
907700
211367
114918
226801
501473
683408
177262
385924
425343
74030
525018
696041
478897
830954
428606
459480
92391
921050
730821
172816
976751
176353
121883
85954
264280
553612
989792
468463
442168
77908
874468
252518
327894
111889
157403
255699
408191
449371
494421
144975
45053
280467
521159
194998
626758
416634
907092
304129
233875
750921
335996
62247
499432
177796
196205
526784
338837
611184
667782
630116
874659
419741
913589
895074
840775
620965
140714
328906
612952
967958
969743
409816
863142
174470
875693
195674
17904
941912
761873
695236
880640
85542
57384
474334
626288
575595
806847
77767
242169
272612
993996
603311
753833
889456
246742
222002
660987
503128
630407
46118
705291
26951
614408
361895
268317
515188
607738
68356
550074
899068
458358
787723
126629
459253
533192
308612
136900
120927
15500
167732
690865
77265
557732
628150
446083
19884
32222
267717
76569
157162
523156
843187
567713
532496
973982
914646
133818
201487
491800
795160
766521
829459
117238
78510
608285
183781
126524
483244
737774
431780
147159
312854
683174
47568
498185
747117
74499
893861
400487
57359
745525
497294
969008
844789
747002
745365
899658
675107
186701
559941
287462
448416
738664
799177
514957
848286
955461
130024
191656
122385
42046
272319
538604
263325
181837
30110
486248
212952
449852
590277
67342
200698
407812
265319
102509
664748
936830
134869
186739
117086
965534
384064
17577
543606
362125
136658
630218
247544
396060
280961
140648
619068
134432
741914
542373
992300
539353
254488
635075
69240
623226
779102
183958
195689
793269
228508
694475
330324
614943
940956
344575
457921
265180
544061
702027
133454
3224
171800
632889
131860
131390
796181
420024
900069
732052
540393
160762
534828
16220
520349
217043
455395
697604
795539
731549
808207
86844
573926
465122
223208
500104
923667
824003
143429
129277
59744
689739
597443
31622
691976
537169
408407
91732
312845
473174
287549
159356
618397
831944
446860
982882
255296
697044
553011
453728
286022
335928
948873
924939
591986
998835
962762
755276
146489
711496
366010
896088
626339
570296
143084
402967
70908
819595
833397
582586
59220
812933
584290
155092
570371
37851
383167
926585
610156
194618
422041
553374
214473
804702
434856
380834
413291
725709
579153
868206
26377
695167
83050
74516
396329
295555
635906
222940
107277
348865
504472
550111
146358
526884
183276
561152
19405
10917
904299
178689
742365
10482
209948
972078
516795
146694
425064
287422
663990
585725
44473
632401
889818
320827
618639
991989
65949
717238
274868
181928
955828
989579
382204
546717
208656
160709
607790
679356
114231
488495
554379
75473
949765
41898
111617
17931
719521
995478
473257
655589
370297
972783
679629
879915
304580
773603
358503
583729
595888
753526
755913
918404
350461
784654
625844
550919
827906
111423
482591
785509
390191
859455
984565
803847
518760
449053
243731
895072
408569
942051
832477
753361
906511
794128
619202
732464
390494
808086
568748
781779
40476
360524
77977
330309
489651
495493
586825
858636
427099
932792
267374
58947
139346
612260
554356
89316
643334
439704
861012
943957
733985
717360
629780
508339
177168
532844
822257
971712
700126
252803
689384
889817
680009
49774
49640
689775
919239
975955
225181
800884
634743
988840
887456
396600
839650
83647
775777
169476
425673
149043
507155
195844
487633
284307
271629
761031
86451
118925
839115
437959
40047
897125
119272
505099
620538
480542
763065
566770
310307
425360
682595
833693
297034
336929
905112
508704
623022
258019
991583
558184
67866
781346
530896
772330
706174
447165
575024
844636
725750
782239
586367
616
199780
288811
335663
43711
415500
114304
588131
167826
355627
239366
380693
980075
351263
430133
512527
387028
702073
850685
455265
959019
833089
615428
291475
401829
136569
556937
815315
797926
883336
220630
778406
24924
966802
283583
454450
823289
544216
937825
833486
903399
910865
426500
343130
308956
486387
807831
593600
786773
543211
139453
768553
729050
687850
911541
63604
65569
992621
910562
41638
943788
326540
939779
833489
397281
732425
540275
985172
574924
892009
872950
200122
54029
100062
766378
890116
255493
55131
563352
246922
991736
897053
225549
496786
36869
780480
830441
3666
424395
59533
565140
948147
286301
794147
244270
157935
84478
535883
269490
411645
816125
258856
822969
780183
98481
469141
414429
900495
61694
395326
535897
201415
427970
686640
524772
616508
740694
609299
890336
688409
291646
148419
591584
953276
715816
124066
210402
144950
255267
123158
986179
829752
936153
887200
667405
266078
456713
922777
59295
172267
279804
913541
25680
645360
57744
586264
669013
502840
462657
192557
316593
335883
511944
956342
233356
117609
508303
25787
834821
275335
384147
243096
681439
400490
74525
805194
129117
570435
281431
319715
652899
551236
110634
913345
548954
194293
874303
229127
731978
225336
309586
80861
406234
628327
610410
313144
666827
201873
517871
815806
12867
729420
87376
405148
140390
195947
497847
132942
884177
915300
440106
497895
821492
271182
585070
224916
845317
262529
186020
361956
273733
80921
42286
712765
948930
241676
646329
874568
645655
318685
37473
844284
650656
400121
190893
93259
127573
961539
547168
205634
621939
275233
926403
901385
377915
753538
781149
578478
96637
774247
882447
96402
286819
784560
653814
405532
594216
493838
59236
592575
403368
621457
200654
512641
638935
10138
975835
931492
739180
694362
371181
432401
855046
671031
454201
68929
414312
954882
180441
619844
399520
976578
236721
619108
757585
484093
496974
646531
445621
10449
349941
189901
216314
623436
67842
989704
60122
166227
481747
462396
378281
916428
644776
760599
61291
528116
320579
873309
770027
18413
192083
816818
770597
862565
484474
888791
649301
53609
842723
667602
494412
602625
385291
535926
110300
508011
415912
474159
827411
581055
463147
712907
758728
269329
533942
777212
287634
143136
950879
113007
396234
744814
596826
207623
151941
837238
531409
634242
693396
785160
340579
839395
225544
643902
311441
941412
743801
605572
531834
389769
866290
34654
212812
745233
134832
830666
765480
728540
686027
173755
913245
291337
897231
835231
275818
178706
714659
301532
922417
294883
142051
719369
351002
184405
85
927196
385404
715520
171910
220873
666263
744978
54372
893938
530232
914331
177351
601218
76944
101380
293681
857987
248697
258096
491471
269370
505316
505801
865252
768011
643101
430728
430218
787908
886318
878263
486620
517276
911359
645200
767594
346809
229735
408368
199001
911824
367895
870528
345555
499030
27129
292491
987649
392168
437434
322976
408072
853572
568129
821404
240983
764762
271618
409985
612346
352878
656462
209898
844912
350321
612446
782629
495502
647635
263649
374154
974895
244010
380519
499584
991470
560040
375302
42813
417562
458590
969937
932285
857468
125640
114855
811786
61583
429080
893551
111509
143925
434386
986348
616802
198787
608740
777387
736371
789303
610811
123799
744961
199175
291610
300240
811840
320084
976729
115235
714321
306313
388232
781161
560464
716102
747795
920388
401977
301732
165058
240822
463903
779796
523102
765409
537127
793224
569759
319647
636255
157008
118680
199960
405805
158184
967911
151060
906760
93360
515193
83347
31040
346013
920790
37370
188915
819081
135326
287599
563619
819075
596056
896345
683312
647849
459562
734545
783304
839475
4899
361216
854184
360822
847453
226687
440694
160965
588134
198021
16877
151001
69990
426023
34448
239032
804353
255561
352374
860550
457894
242365
565151
196794
93191
256414
500966
895791
743725
253564
518443
865350
499573
337091
503084
270331
298698
273476
569514
305498
391736
449444
635871
966554
436885
487009
511871
267019
111880
403905
676425
1290
704428
162219
771201
458907
794319
26331
887368
824722
739656
381200
255986
94229
943746
634559
332268
98644
591626
395148
413173
613538
669221
591631
233794
930762
808048
253180
291502
896207
630569
768911
16288
32237
292144
340802
176015
366488
991345
897984
206186
847281
183490
628749
320155
963695
479694
977033
142985
834511
125911
197148
582771
391888
516598
770684
54278
107861
165751
387307
886420
520135
844188
26159
909480
113979
203148
370238
790057
811745
841482
568990
124673
264384
192439
95705
26257
655897
993108
971977
41470
500481
953860
810190
297967
969100
250237
70311
93207
322082
518348
866638
579131
747305
411352
509116
624393
543318
546841
343826
461664
644397
905672
36161
887979
172902
942999
602366
813999
672542
630848
567117
406209
756412
986501
114020
371860
558132
670650
893257
183392
595325
551053
527263
421618
109740
778079
125847
493019
892939
536597
737397
815547
395199
569851
276712
780354
399280
656296
790120
915408
106971
570583
787153
90995
912439
810782
492986
820926
610298
924089
83714
36893
10727
485407
742662
987658
902291
862865
810474
794368
542179
148165
875718
412301
513310
983369
849365
713161
661969
915592
980744
921843
988624
539082
96740
49727
576994
786207
732457
168197
638046
511266
2621
763814
367786
662050
705982
57003
499309
387470
877101
265930
905811
92501
31963
776901
782376
540483
358602
445006
219218
213966
989358
319400
734168
640623
738294
322765
432078
478510
910050
4464
817449
152878
114255
715357
417914
557122
131674
658195
787288
187892
366111
14767
831397
860594
191267
215505
884182
378876
708245
373737
223691
713086
348246
61472
321592
813890
83142
795513
788155
729230
960172
211779
661030
783654
933608
181593
484090
769963
555926
38677
167411
332818
9022
486420
986465
979150
607695
503912
440225
129755
997171
810575
295501
678878
258474
955298
46247
860824
396064
14150
520544
422563
247340
465179
53636
289724
328456
946369
731797
901129
498941
177201
12497
287267
152875
948924
868691
943657
252604
212690
87003
522002
417685
784855
922681
950353
177593
673559
162560
869646
710044
14169
807751
272497
16966
586917
907018
860536
575932
472188
681925
959134
558224
482923
315825
238804
457614
748383
529511
568414
153492
430440
734163
74268
241939
958214
917057
911544
374227
819633
130645
654754
869464
327009
186417
786261
134673
865330
655709
677104
279332
153217
912411
491396
22970
797604
898788
409043
135691
864183
862096
656728
610682
919681
166838
957318
6185
663056
562033
989086
710422
365430
325735
800064
665023
506336
103268
601338
714840
416368
26803
530555
933810
27903
143268
774267
33086
803704
679688
925537
869289
547548
380976
823968
448753
651902
294620
452857
708657
865314
563452
426453
641036
986703
940215
780209
237265
537958
473038
563204
624751
408911
913079
750051
731588
428235
2259
595174
422554
432944
270602
565625
885895
393519
830195
75768
433630
647445
849298
496933
849926
600499
357645
365826
502578
224038
624572
844894
835383
360402
674319
469362
603111
741720
338212
350098
831651
584126
295889
824047
226996
138681
806698
595718
885058
943820
282301
901109
874189
140007
691631
879079
730170
451341
311726
820917
810434
728617
735749
650136
976974
99940
777146
339891
357648
741817
596306
767534
31431
540401
885671
557570
860494
517372
695951
296731
711358
197811
668632
102294
564833
930
367380
534102
8924
dajfklsdfjk;lasdjfkldjskalfjsd;lfjasdfljdslf;
